1505    6.57822973955
1507    6.43611280125
1515    7.20576672106
1520    6.54398604154
1524    6.9674131115
1525    6.89712448652
1527    6.57507386516
1541    6.86723521955
1563    6.87065431994
1564    6.71817826218
1568    6.34455062415
1572    6.72821664465
1574    6.8857474428
1575    7.00303081663
1579    6.71373874768
1581    6.6707573519
1582    6.58289383893
1584    6.80238186398
1587    6.76610204301
1588    7.02477778873
1589    6.64323405924
1590    6.76261664751
1592    6.64292980052
1593    6.74935023962
1594    6.65474437198
1595    6.78128236342
1597    6.41393243898
1598    6.5906325286
1600    7.00645948734
1602    6.64640362469
1603    6.46354880724
1605    6.57086108659
1606    6.58207360618
1607    6.99227082169
1610    6.70880668026
1611    6.49241592899
1612    6.65025257027
1614    6.70421779655
1618    6.48959136469
1619    6.68003037206
1620    6.53439715745
1621    6.40204198332
1623    6.60384780963
1624    6.78127257392
1625    6.66170210875
1626    6.66280072313
1628    6.86288288288
1629    6.66883175843
1630    6.56311994968
1631    6.31117398706
1632    6.66932734797
1634    6.73874622885
1635    6.79709663738
1636    6.56264856989
1637    6.81085035679
1638    6.58114953649
1640    6.44269503982
1641    6.66007827532
1642    6.46363254941
1643    6.80538499196
1644    6.61426055766
1645    6.68602667232
1646    6.67987000654
1647    6.64081444694
1648    6.88336460846
1649    6.79824986855
1650    6.62511356484
1651    6.61209456322
1652    6.52023292122
1653    6.4673881785
1654    6.82827128757
1655    6.65662927576
1656    6.60548388863
1657    6.72677626898
1658    6.66280202757
1659    6.83481612916
1660    6.73630968625
1661    6.70407445558
1662    6.71985506839
1663    6.86983510875
1664    6.5904693579
1665    6.72481109293
1666    6.59201128777
1667    6.56825749934
1668    6.71722665917
1669    6.67800890497
1670    6.66383887727
1671    6.5389837906
1672    6.63771921379
1673    6.7544706308
1674    6.56009000285
1675    6.63136401479
1676    6.66874541513
1677    6.6457019932
1678    6.71259592817
1679    6.6679885678
1680    6.59906073304
1681    6.60229990987
1682    6.69246016056
1683    6.63781809995
1684    6.5382561845
1685    6.60278389439
1686    6.61564843779
1687    6.70425520055
1688    6.65127326377
1689    6.62112599038
1690    6.57448364246
1691    6.76046518176
1692    6.66142082703
1693    6.64891093995
1694    6.49636335011
1695    6.4768342391
1696    6.57628315693
1697    6.58606464334
1698    6.6357237295
1699    6.55483286503
1700    6.57005690867
1701    6.57705378694
1702    6.62941901595
1703    6.54540011781
1704    6.5846265039
1705    6.62306929015
1706    6.62341472227
1707    6.61509334053
1708    6.58571325721
1709    6.56071494728
1710    6.57544404964
1711    6.60283486606
1712    6.555006327
1713    6.58130347782
1714    6.57460101004
1715    6.62891753325
1716    6.61520585786
1717    6.58530281087
1718    6.56922026553
1719    6.51849114097
1720    6.59245561906
1721    6.60966498413
1722    6.54997430389
1723    6.56525946134
1724    6.61896927326
1725    6.61964498414
1726    6.595997213
1727    6.58136875032
1728    6.62182499306
1729    6.64828589381
1730    6.61903184152
1731    6.65931405922
1732    6.679862433
1733    6.64461043653
1734    6.62855713842
1735    6.66453099539
1736    6.63272065087
1737    6.62468837414
1738    6.62880337747
1739    6.62945767554
1740    6.62034012191
1741    6.64958949247
1742    6.58481576298
1743    6.61827324569
1744    6.59582481872
1745    6.58871893676
1746    6.64341965436
1747    6.64985131108
1748    6.63438393505
1749    6.60868561379
1750    6.65965579246
1751    6.6304422232
1752    6.69348202237
1753    6.67350586811
1754    6.66593753681
1755    6.67902324359
1756    6.70059266774
1757    6.68620547648
1758    6.73337085611
1759    6.73370363034
1760    6.69861498605
1761    6.75864714493
1762    6.72658055067
1763    6.74035819155
1764    6.73979457344
1765    6.68270331739
1766    6.66701147004
1767    6.69143254322
1768    6.71928320206
1769    6.71101582073
1770    6.70163036559
1771    6.68327299692
1772    6.67139633565
1773    6.74206864488
1774    6.75083354739
1775    6.70620954129
1776    6.72812836732
1777    6.77135603087
1778    6.74894347344
1779    6.79409386317
1780    6.73473541735
1781    6.76921845465
1782    6.78058442518
1783    6.77872941669
1784    6.72785966709
1785    6.75838857438
1786    6.7979516183
1787    6.79619357283
1788    6.8011946359
1789    6.82797761074
1790    6.76066172149
1791    6.74832052439
1792    6.77720687992
1793    6.80182587823
1794    6.77193514167
1795    6.7768957553
1796    6.76551560678
1797    6.75527826989
1798    6.75843431297
1799    6.79454650171
1800    6.8012112677
1801    6.78722715941
1802    6.81339459329
1803    6.79753626154
1804    6.83907668155
1805    6.81047669936
1806    6.79300461134
1807    6.79491000714
1808    6.75063890579
1809    6.77859320023
1810    6.79312089014
1811    6.78748720537
1812    6.76022124549
1813    6.78653731183
1814    6.78542883042
1815    6.77588667978
1816    6.80720099302
1817    6.80548767812
1818    6.82625492501
1819    6.80782725474
1820    6.80228651291
1821    6.80499286358
1822    6.78924233754
1823    6.79768547629
1824    6.78377044196
1825    6.79705804229
1826    6.81394190068
1827    6.83266148399
1828    6.81226522987
1829    6.82265716083
1830    6.77938900235
1831    6.81549295638
1832    6.81341896487
1833    6.81876264277
1834    6.83000904115
1835    6.83153753022
1836    6.83496214009
1837    6.82569133145
1838    6.82387578859
1839    6.79997175514
1840    6.82932347601
1841    6.81847550321
1842    6.81113967399
1843    6.81698103002
1844    6.81057792323
1845    6.81522417973
1846    6.8226823776
1847    6.82071487466
1848    6.82613931292
1849    6.82668620034
1850    6.82584437279
1851    6.82516087899
1852    6.8203086189
1853    6.81751572126
1854    6.82828876047
1855    6.82774718386
1856    6.82018843826
1857    6.81354614824
1858    6.82698844007
1859    6.81796392115
1860    6.81241270834
1861    6.79783487534
1862    6.80318281515
1863    6.79036761411
1864    6.80600862938
1865    6.79806648191
1866    6.80937714102
1867    6.80641248174
1868    6.79891927414
1869    6.7767002408
1870    6.7919705167
1871    6.77620405606
1872    6.79845894733
1873    6.78662874783
1874    6.79025611019
1875    6.79367603095
1876    6.79646669316
1877    6.80427648869
1878    6.79450139806
1879    6.80048765583
1880    6.80865246838
1881    6.80322585492
1882    6.80045516623
1883    6.79237196351
1884    6.8050775508
1885    6.80023518614
1886    6.81441689611
1887    6.79404917362
1888    6.80343078568
1889    6.8036500404
1890    6.80912674539
1891    6.79271941971
1892    6.79557443235
1893    6.80340709271
1894    6.80519514897
1895    6.80318662281
1896    6.80170093243
1897    6.792879264
1898    6.80457922424
1899    6.78235929056
1900    6.79860341515
1901    6.80305359831
1902    6.80636181132
1903    6.79708795629
1904    6.79982706047
1905    6.82069204852
1906    6.80698914878
1907    6.81963941114
1908    6.81530881856
1909    6.81940900806
1910    6.82582720036
1911    6.82174481854
1912    6.83569375405
1913    6.83164384949
1914    6.84121370391
1915    6.85501611066
1916    6.85766949244
1917    6.840594879
1918    6.8561571952
1919    6.86041237997
1920    6.85508912272
1921    6.86564791099
1922    6.85566246529
1923    6.8454744455
1924    6.84513258577
1925    6.84436863941
1926    6.8539601354
1927    6.86601954736
1928    6.87290725487
1929    6.86654872643
1930    6.87392466681
1931    6.87927465481
1932    6.88621336374
1933    6.8916108223
1934    6.89820057817
1935    6.89584901052
1936    6.90004595315
1937    6.90531432129
1938    6.91855623071
1939    6.932071558
1940    6.9412715685
1941    6.94473999843
1942    6.9399255552
1943    6.93157439753
1944    6.93337885549
1945    6.93484225681
1946    6.92923999739
1947    6.93674884092
1948    6.95090802453
1949    6.96303566987
1950    6.95555918092
1951    6.95204537698
1952    6.95292085224
1953    6.96090232721
1954    6.96028632114
1955    6.9612803036
1956    6.96708262849
1957    6.97273396388
1958    6.97962123608
1959    6.99306335903
1960    6.99614112424
1961    6.99251092584
1962    6.99972615007
1963    7.00931051464
1964    7.01838065593
1965    7.02288922376
1966    7.02025128035
1967    7.02925621816
1968    7.02935282221
1969    7.02974712777
1970    7.03433421874
1971    7.06228319976
1972    7.05773083633
1973    7.07267252988
1974    7.07917385444
1975    7.0871473982
1976    7.08562341797
1977    7.08951552902
1978    7.09193373898
1979    7.1044485431
1980    7.1027490091
1981    7.10252130206
1982    7.11063090559
1983    7.10954366627
1984    7.11387717431
1985    7.1150217115
1986    7.11372143582
1987    7.10425155485
1988    7.11017670152
1989    7.11223771642
1990    7.11766152895
1991    7.10927589688
1992    7.12043596711
1993    7.11783182552
1994    7.12483778802
1995    7.12778816889
1996    7.12501135595
1997    7.12585263072
1998    7.12939023631
1999    7.12044266063
2000    7.11022655928
2001    7.1112750797
2002    7.10308401907
2003    7.08541996385
2004    7.07011166587
2005    7.08332421786
2006    7.07809854741
2007    7.04868690226
2008    6.95484619521
